k=4
silhouette=0.6209972845213658
algebraic_connectivity=1.915280
